90;0;0;100;140;Legende;0;1_1_1;0
0;0;0;100;140;Toto;0;1_1_2;0
0;0;0;100;140;Legende;0;1_1_3;0
0;0;0;100;140;Legende;0;1_1_4;0
0;0;0;100;140;Legende;0;1_1_5;0
0;0;0;100;140;Legende;0;1_1_6;0
0;0;0;100;140;Legende;0;1_1_7;0
0;0;0;100;140;Legende;0;1_1_8;0
0;0;0;100;140;Legende;0;1_1_9;0
0;0;0;100;140;Legende;0;1_1_10;0
0;0;0;100;140;Legende;0;1_1_11;0
0;0;0;100;140;Legende;0;1_2_12;0
0;0;0;100;140;Legende;0;1_2_13;0
0;0;0;100;140;Legende;0;1_2_14;0
0;0;0;100;140;Legende;0;1_2_15;0
0;0;0;100;140;Legende;0;1_2_16;0
0;0;0;100;140;Legende;0;1_2_17;0
0;0;0;100;140;Legende;0;1_2_18;0
0;0;0;100;140;Legende;0;1_2_19;0
0;0;0;100;140;Legende;0;1_2_20;0
0;0;0;100;140;Legende;0;1_2_21;0
0;0;0;100;140;Legende;0;1_3_22;0
0;0;0;100;140;Legende;0;1_3_23;0
0;0;0;100;140;Legende;0;1_3_24;0
0;0;0;100;140;Legende;0;1_3_25;0
0;0;0;100;140;Legende;0;1_3_26;0
0;0;0;100;140;Legende;0;1_5_27;0
0;0;0;100;140;Legende;0;1_5_28;0
0;0;0;100;140;Legende;0;1_5_29;0
0;0;0;100;140;Legende;0;1_5_30;0
0;0;0;100;140;Legende;0;1_5_31;0
0;0;0;100;140;Legende;0;1_5_32;0
0;0;0;100;140;Legende;0;1_5_33;0
0;0;0;100;140;Legende;0;1_5_34;0
0;0;0;100;140;Legende;0;1_5_35;0
0;0;0;100;140;Legende;0;1_5_36;0
0;0;0;100;140;Legende;0;1_5_37;0
0;0;0;100;140;Legende;0;1_5_38;0
0;0;0;100;140;Legende;0;1_6_39;0
0;0;0;100;140;Legende;0;1_6_40;0
0;0;0;100;140;Legende;0;1_6_41;0
0;0;0;100;140;Legende;0;1_6_42;0
0;0;0;100;140;Legende;0;1_7_43;0
0;0;0;100;140;Legende;0;1_7_44;0
0;0;0;100;140;Legende;0;1_7_45;0
0;0;0;100;140;Legende;0;1_7_46;0
0;0;0;100;140;Legende;0;1_8_47;0
0;0;0;100;140;Legende;0;1_8_48;0
0;0;0;100;140;Legende;0;1_8_49;0
0;0;0;100;140;Legende;0;1_8_50;0
0;0;0;100;140;Legende;0;1_8_51;0
0;0;0;100;140;Legende;0;1_8_52;0
0;0;0;100;140;Legende;0;1_8_53;0
0;0;0;100;140;Legende;0;1_8_54;0
0;0;0;100;140;Legende;0;1_8_55;0
0;0;0;100;140;Legende;0;1_8_56;0
0;0;0;100;140;Legende;0;1_8_57;0
0;0;0;100;140;Legende;0;1_8_58;0
0;0;0;100;140;Legende;0;1_8_59;0
0;0;0;100;140;Legende;0;1_9_60;0
0;0;0;100;140;Legende;0;1_9_61;0
0;0;0;100;140;Legende;0;1_9_62;0
0;0;0;100;140;Legende;0;1_10_63;0
0;0;0;100;140;Legende;0;1_10_64;0
0;0;0;100;140;Legende;0;1_10_65;0
0;0;0;100;140;Legende;0;1_10_66;0
0;0;0;100;140;Legende;0;1_11_67;0
0;0;0;100;140;Legende;0;1_11_68;0
0;0;0;100;140;Legende;0;1_11_69;0
0;0;0;100;140;Legende;0;1_11_70;0
0;0;0;100;140;Legende;0;1_11_71;0
0;0;0;100;140;Legende;0;1_11_72;0
0;0;0;100;140;Legende;0;1_11_73;0
0;0;0;100;140;Legende;0;1_11_74;0
0;0;0;100;140;Legende;0;1_11_75;0
0;0;0;100;140;Legende;0;1_11_76;0
0;0;0;100;140;Legende;0;1_11_77;0
0;0;0;100;140;Legende;0;1_13_78;0
0;0;0;100;140;Legende;0;1_13_79;0
0;0;0;100;140;Legende;0;1_13_80;0
0;0;0;100;140;Legende;0;1_13_81;0
0;0;0;100;140;Legende;0;1_13_82;0
0;0;0;100;140;Legende;0;1_14_83;0
0;0;0;100;140;Legende;0;1_14_84;0
0;0;0;100;140;Legende;0;1_14_85;0
0;0;0;100;140;Legende;0;1_15_86;0
0;0;0;100;140;Legende;0;1_15_87;0
0;0;0;100;140;Legende;0;1_15_88;0
0;0;0;100;140;Legende;0;1_15_89;0
0;0;0;100;140;Legende;0;1_15_90;0
0;0;0;100;140;Legende;0;1_16_91;0
0;0;0;100;140;Legende;0;1_16_92;0
0;0;0;100;140;Legende;0;1_16_93;0
0;0;0;100;140;Legende;0;1_16_94;0
0;0;0;100;140;Legende;0;1_17_95;0
0;0;0;100;140;Legende;0;1_17_96;0
0;0;0;100;140;Legende;0;1_17_97;0
0;0;0;100;140;Legende;0;1_17_98;0
0;0;0;100;140;Legende;0;1_17_99;0
0;0;0;100;140;Legende;0;1_18_100;0
0;0;0;100;140;Legende;0;1_18_101;0
0;0;0;100;140;Legende;0;1_18_102;0
0;0;0;100;140;Legende;0;1_18_103;0
0;0;0;100;140;Legende;0;1_18_104;0
0;0;0;100;140;Legende;0;1_18_105;0
0;0;0;100;140;Legende;0;1_18_106;0
0;0;0;100;140;Legende;0;1_18_107;0
0;0;0;100;140;Legende;0;1_18_108;0
0;0;0;100;140;Legende;0;1_18_109;0
0;0;0;100;140;Legende;0;1_18_110;0
0;0;0;100;140;Legende;0;1_18_111;0
0;0;0;100;140;Legende;0;1_18_112;0
0;0;0;100;140;Legende;0;1_18_113;0
0;0;0;100;140;Legende;0;1_18_114;0
0;0;0;100;140;Legende;0;1_18_115;0
0;0;0;100;140;Legende;0;1_18_116;0
0;0;0;100;140;Legende;0;1_19_117;0
0;0;0;100;140;Legende;0;1_19_118;0
0;0;0;100;140;Legende;0;1_19_119;0
0;0;0;100;140;Legende;0;1_19_120;0
0;0;0;100;140;Legende;0;1_19_121;0
0;0;0;100;140;Legende;0;1_19_122;0
0;0;0;100;140;Legende;0;1_19_123;0
0;0;0;100;140;Legende;0;1_19_124;0
0;0;0;100;140;Legende;0;1_20_125;0
0;0;0;100;140;Legende;0;1_20_126;0
0;0;0;100;140;Legende;0;1_20_127;0
0;0;0;100;140;Legende;0;1_20_128;0
0;0;0;100;140;Legende;0;1_20_129;0
0;0;0;100;140;Legende;0;1_20_130;0
0;0;0;100;140;Legende;0;1_21_131;0
0;0;0;100;140;Legende;0;1_21_132;0
0;0;0;100;140;Legende;0;1_21_133;0
0;0;0;100;140;Legende;0;1_21_134;0
0;0;0;100;140;Legende;0;1_21_135;0
0;0;0;100;140;Legende;0;1_21_136;0
0;0;0;100;140;Legende;0;1_21_137;0
0;0;0;100;140;Legende;0;1_22_138;0
0;0;0;100;140;Legende;0;1_22_139;0
0;0;0;100;140;Legende;0;1_22_140;0
0;0;0;100;140;Legende;0;1_22_141;0
0;0;0;100;140;Legende;0;1_22_142;0
0;0;0;100;140;Legende;0;1_22_143;0
0;0;0;100;140;Legende;0;1_22_144;0
0;0;0;100;140;Legende;0;1_23_145;0
0;0;0;100;140;Legende;0;1_23_146;0
0;0;0;100;140;Legende;0;1_23_147;0
0;0;0;100;140;Legende;0;1_23_148;0
0;0;0;100;140;Legende;0;1_23_149;0
