# Fichier d'exportation de valeurs de pixels transparents généré par QGIS
#
#
# Rouge	Vert	Blue	Transparence (%)

255	255	255	100
255	255	254	100
255	255	253	100
255	255	252	100
255	255	251	99
255	255	250	99
255	255	249	99
255	255	248	99
255	255	247	99
255	255	246	99
255	255	245	99
255	254	255	100
255	254	254	100
255	254	253	100
255	254	252	99
255	254	251	99
255	254	250	99
255	254	249	99
255	254	248	99
255	254	247	99
255	254	246	99
255	254	245	99
255	253	255	100
255	253	254	100
255	253	253	99
255	253	252	99
255	253	251	99
255	253	250	99
255	253	249	99
255	253	248	99
255	253	247	99
255	253	246	99
255	253	245	98
255	252	255	100
255	252	254	99
255	252	253	99
255	252	252	99
255	252	251	99
255	252	250	99
255	252	249	99
255	252	248	99
255	252	247	99
255	252	246	98
255	252	245	98
255	251	255	99
255	251	254	99
255	251	253	99
255	251	252	99
255	251	251	99
255	251	250	99
255	251	249	99
255	251	248	99
255	251	247	98
255	251	246	98
255	251	245	98
255	250	255	99
255	250	254	99
255	250	253	99
255	250	252	99
255	250	251	99
255	250	250	99
255	250	249	99
255	250	248	98
255	250	247	98
255	250	246	98
255	250	245	98
255	249	255	99
255	249	254	99
255	249	253	99
255	249	252	99
255	249	251	99
255	249	250	99
255	249	249	98
255	249	248	98
255	249	247	98
255	249	246	98
255	249	245	98
255	248	255	99
255	248	254	99
255	248	253	99
255	248	252	99
255	248	251	99
255	248	250	98
255	248	249	98
255	248	248	98
255	248	247	98
255	248	246	98
255	248	245	98
255	247	255	99
255	247	254	99
255	247	253	99
255	247	252	99
255	247	251	98
255	247	250	98
255	247	249	98
255	247	248	98
255	247	247	98
255	247	246	98
255	247	245	98
255	246	255	99
255	246	254	99
255	246	253	99
255	246	252	98
255	246	251	98
255	246	250	98
255	246	249	98
255	246	248	98
255	246	247	98
255	246	246	98
255	246	245	98
255	245	255	99
255	245	254	99
255	245	253	98
255	245	252	98
255	245	251	98
255	245	250	98
255	245	249	98
255	245	248	98
255	245	247	98
255	245	246	98
255	245	245	97
254	255	255	100
254	255	254	100
254	255	253	100
254	255	252	99
254	255	251	99
254	255	250	99
254	255	249	99
254	255	248	99
254	255	247	99
254	255	246	99
254	255	245	99
254	254	255	100
254	254	254	100
254	254	253	99
254	254	252	99
254	254	251	99
254	254	250	99
254	254	249	99
254	254	248	99
254	254	247	99
254	254	246	99
254	254	245	98
254	253	255	100
254	253	254	99
254	253	253	99
254	253	252	99
254	253	251	99
254	253	250	99
254	253	249	99
254	253	248	99
254	253	247	99
254	253	246	98
254	253	245	98
254	252	255	99
254	252	254	99
254	252	253	99
254	252	252	99
254	252	251	99
254	252	250	99
254	252	249	99
254	252	248	99
254	252	247	98
254	252	246	98
254	252	245	98
254	251	255	99
254	251	254	99
254	251	253	99
254	251	252	99
254	251	251	99
254	251	250	99
254	251	249	99
254	251	248	98
254	251	247	98
254	251	246	98
254	251	245	98
254	250	255	99
254	250	254	99
254	250	253	99
254	250	252	99
254	250	251	99
254	250	250	99
254	250	249	98
254	250	248	98
254	250	247	98
254	250	246	98
254	250	245	98
254	249	255	99
254	249	254	99
254	249	253	99
254	249	252	99
254	249	251	99
254	249	250	98
254	249	249	98
254	249	248	98
254	249	247	98
254	249	246	98
254	249	245	98
254	248	255	99
254	248	254	99
254	248	253	99
254	248	252	99
254	248	251	98
254	248	250	98
254	248	249	98
254	248	248	98
254	248	247	98
254	248	246	98
254	248	245	98
254	247	255	99
254	247	254	99
254	247	253	99
254	247	252	98
254	247	251	98
254	247	250	98
254	247	249	98
254	247	248	98
254	247	247	98
254	247	246	98
254	247	245	98
254	246	255	99
254	246	254	99
254	246	253	98
254	246	252	98
254	246	251	98
254	246	250	98
254	246	249	98
254	246	248	98
254	246	247	98
254	246	246	98
254	246	245	97
254	245	255	99
254	245	254	98
254	245	253	98
254	245	252	98
254	245	251	98
254	245	250	98
254	245	249	98
254	245	248	98
254	245	247	98
254	245	246	97
254	245	245	97
253	255	255	100
253	255	254	100
253	255	253	99
253	255	252	99
253	255	251	99
253	255	250	99
253	255	249	99
253	255	248	99
253	255	247	99
253	255	246	99
253	255	245	98
253	254	255	100
253	254	254	99
253	254	253	99
253	254	252	99
253	254	251	99
253	254	250	99
253	254	249	99
253	254	248	99
253	254	247	99
253	254	246	98
253	254	245	98
253	253	255	99
253	253	254	99
253	253	253	99
253	253	252	99
253	253	251	99
253	253	250	99
253	253	249	99
253	253	248	99
253	253	247	98
253	253	246	98
253	253	245	98
253	252	255	99
253	252	254	99
253	252	253	99
253	252	252	99
253	252	251	99
253	252	250	99
253	252	249	99
253	252	248	98
253	252	247	98
253	252	246	98
253	252	245	98
253	251	255	99
253	251	254	99
253	251	253	99
253	251	252	99
253	251	251	99
253	251	250	99
253	251	249	98
253	251	248	98
253	251	247	98
253	251	246	98
253	251	245	98
253	250	255	99
253	250	254	99
253	250	253	99
253	250	252	99
253	250	251	99
253	250	250	98
253	250	249	98
253	250	248	98
253	250	247	98
253	250	246	98
253	250	245	98
253	249	255	99
253	249	254	99
253	249	253	99
253	249	252	99
253	249	251	98
253	249	250	98
253	249	249	98
253	249	248	98
253	249	247	98
253	249	246	98
253	249	245	98
253	248	255	99
253	248	254	99
253	248	253	99
253	248	252	98
253	248	251	98
253	248	250	98
253	248	249	98
253	248	248	98
253	248	247	98
253	248	246	98
253	248	245	98
253	247	255	99
253	247	254	99
253	247	253	98
253	247	252	98
253	247	251	98
253	247	250	98
253	247	249	98
253	247	248	98
253	247	247	98
253	247	246	98
253	247	245	97
253	246	255	99
253	246	254	98
253	246	253	98
253	246	252	98
253	246	251	98
253	246	250	98
253	246	249	98
253	246	248	98
253	246	247	98
253	246	246	97
253	246	245	97
253	245	255	98
253	245	254	98
253	245	253	98
253	245	252	98
253	245	251	98
253	245	250	98
253	245	249	98
253	245	248	98
253	245	247	97
253	245	246	97
253	245	245	97
252	255	255	100
252	255	254	99
252	255	253	99
252	255	252	99
252	255	251	99
252	255	250	99
252	255	249	99
252	255	248	99
252	255	247	99
252	255	246	98
252	255	245	98
252	254	255	99
252	254	254	99
252	254	253	99
252	254	252	99
252	254	251	99
252	254	250	99
252	254	249	99
252	254	248	99
252	254	247	98
252	254	246	98
252	254	245	98
252	253	255	99
252	253	254	99
252	253	253	99
252	253	252	99
252	253	251	99
252	253	250	99
252	253	249	99
252	253	248	98
252	253	247	98
252	253	246	98
252	253	245	98
252	252	255	99
252	252	254	99
252	252	253	99
252	252	252	99
252	252	251	99
252	252	250	99
252	252	249	98
252	252	248	98
252	252	247	98
252	252	246	98
252	252	245	98
252	251	255	99
252	251	254	99
252	251	253	99
252	251	252	99
252	251	251	99
252	251	250	98
252	251	249	98
252	251	248	98
252	251	247	98
252	251	246	98
252	251	245	98
252	250	255	99
252	250	254	99
252	250	253	99
252	250	252	99
252	250	251	98
252	250	250	98
252	250	249	98
252	250	248	98
252	250	247	98
252	250	246	98
252	250	245	98
252	249	255	99
252	249	254	99
252	249	253	99
252	249	252	98
252	249	251	98
252	249	250	98
252	249	249	98
252	249	248	98
252	249	247	98
252	249	246	98
252	249	245	98
252	248	255	99
252	248	254	99
252	248	253	98
252	248	252	98
252	248	251	98
252	248	250	98
252	248	249	98
252	248	248	98
252	248	247	98
252	248	246	98
252	248	245	97
252	247	255	99
252	247	254	98
252	247	253	98
252	247	252	98
252	247	251	98
252	247	250	98
252	247	249	98
252	247	248	98
252	247	247	98
252	247	246	97
252	247	245	97
252	246	255	98
252	246	254	98
252	246	253	98
252	246	252	98
252	246	251	98
252	246	250	98
252	246	249	98
252	246	248	98
252	246	247	97
252	246	246	97
252	246	245	97
252	245	255	98
252	245	254	98
252	245	253	98
252	245	252	98
252	245	251	98
252	245	250	98
252	245	249	98
252	245	248	97
252	245	247	97
252	245	246	97
252	245	245	97
251	255	255	99
251	255	254	99
251	255	253	99
251	255	252	99
251	255	251	99
251	255	250	99
251	255	249	99
251	255	248	99
251	255	247	98
251	255	246	98
251	255	245	98
251	254	255	99
251	254	254	99
251	254	253	99
251	254	252	99
251	254	251	99
251	254	250	99
251	254	249	99
251	254	248	98
251	254	247	98
251	254	246	98
251	254	245	98
251	253	255	99
251	253	254	99
251	253	253	99
251	253	252	99
251	253	251	99
251	253	250	99
251	253	249	98
251	253	248	98
251	253	247	98
251	253	246	98
251	253	245	98
251	252	255	99
251	252	254	99
251	252	253	99
251	252	252	99
251	252	251	99
251	252	250	98
251	252	249	98
251	252	248	98
251	252	247	98
251	252	246	98
251	252	245	98
251	251	255	99
251	251	254	99
251	251	253	99
251	251	252	99
251	251	251	98
251	251	250	98
251	251	249	98
251	251	248	98
251	251	247	98
251	251	246	98
251	251	245	98
251	250	255	99
251	250	254	99
251	250	253	99
251	250	252	98
251	250	251	98
251	250	250	98
251	250	249	98
251	250	248	98
251	250	247	98
251	250	246	98
251	250	245	98
251	249	255	99
251	249	254	99
251	249	253	98
251	249	252	98
251	249	251	98
251	249	250	98
251	249	249	98
251	249	248	98
251	249	247	98
251	249	246	98
251	249	245	97
251	248	255	99
251	248	254	98
251	248	253	98
251	248	252	98
251	248	251	98
251	248	250	98
251	248	249	98
251	248	248	98
251	248	247	98
251	248	246	97
251	248	245	97
251	247	255	98
251	247	254	98
251	247	253	98
251	247	252	98
251	247	251	98
251	247	250	98
251	247	249	98
251	247	248	98
251	247	247	97
251	247	246	97
251	247	245	97
251	246	255	98
251	246	254	98
251	246	253	98
251	246	252	98
251	246	251	98
251	246	250	98
251	246	249	98
251	246	248	97
251	246	247	97
251	246	246	97
251	246	245	97
251	245	255	98
251	245	254	98
251	245	253	98
251	245	252	98
251	245	251	98
251	245	250	98
251	245	249	97
251	245	248	97
251	245	247	97
251	245	246	97
251	245	245	97
250	255	255	99
250	255	254	99
250	255	253	99
250	255	252	99
250	255	251	99
250	255	250	99
250	255	249	99
250	255	248	98
250	255	247	98
250	255	246	98
250	255	245	98
250	254	255	99
250	254	254	99
250	254	253	99
250	254	252	99
250	254	251	99
250	254	250	99
250	254	249	98
250	254	248	98
250	254	247	98
250	254	246	98
250	254	245	98
250	253	255	99
250	253	254	99
250	253	253	99
250	253	252	99
250	253	251	99
250	253	250	98
250	253	249	98
250	253	248	98
250	253	247	98
250	253	246	98
250	253	245	98
250	252	255	99
250	252	254	99
250	252	253	99
250	252	252	99
250	252	251	98
250	252	250	98
250	252	249	98
250	252	248	98
250	252	247	98
250	252	246	98
250	252	245	98
250	251	255	99
250	251	254	99
250	251	253	99
250	251	252	98
250	251	251	98
250	251	250	98
250	251	249	98
250	251	248	98
250	251	247	98
250	251	246	98
250	251	245	98
250	250	255	99
250	250	254	99
250	250	253	98
250	250	252	98
250	250	251	98
250	250	250	98
250	250	249	98
250	250	248	98
250	250	247	98
250	250	246	98
250	250	245	97
250	249	255	99
250	249	254	98
250	249	253	98
250	249	252	98
250	249	251	98
250	249	250	98
250	249	249	98
250	249	248	98
250	249	247	98
250	249	246	97
250	249	245	97
250	248	255	98
250	248	254	98
250	248	253	98
250	248	252	98
250	248	251	98
250	248	250	98
250	248	249	98
250	248	248	98
250	248	247	97
250	248	246	97
250	248	245	97
250	247	255	98
250	247	254	98
250	247	253	98
250	247	252	98
250	247	251	98
250	247	250	98
250	247	249	98
250	247	248	97
250	247	247	97
250	247	246	97
250	247	245	97
250	246	255	98
250	246	254	98
250	246	253	98
250	246	252	98
250	246	251	98
250	246	250	98
250	246	249	97
250	246	248	97
250	246	247	97
250	246	246	97
250	246	245	97
250	245	255	98
250	245	254	98
250	245	253	98
250	245	252	98
250	245	251	98
250	245	250	97
250	245	249	97
250	245	248	97
250	245	247	97
250	245	246	97
250	245	245	97
249	255	255	99
249	255	254	99
249	255	253	99
249	255	252	99
249	255	251	99
249	255	250	99
249	255	249	98
249	255	248	98
249	255	247	98
249	255	246	98
249	255	245	98
249	254	255	99
249	254	254	99
249	254	253	99
249	254	252	99
249	254	251	99
249	254	250	98
249	254	249	98
249	254	248	98
249	254	247	98
249	254	246	98
249	254	245	98
249	253	255	99
249	253	254	99
249	253	253	99
249	253	252	99
249	253	251	98
249	253	250	98
249	253	249	98
249	253	248	98
249	253	247	98
249	253	246	98
249	253	245	98
249	252	255	99
249	252	254	99
249	252	253	99
249	252	252	98
249	252	251	98
249	252	250	98
249	252	249	98
249	252	248	98
249	252	247	98
249	252	246	98
249	252	245	98
249	251	255	99
249	251	254	99
249	251	253	98
249	251	252	98
249	251	251	98
249	251	250	98
249	251	249	98
249	251	248	98
249	251	247	98
249	251	246	98
249	251	245	97
249	250	255	99
249	250	254	98
249	250	253	98
249	250	252	98
249	250	251	98
249	250	250	98
249	250	249	98
249	250	248	98
249	250	247	98
249	250	246	97
249	250	245	97
249	249	255	98
249	249	254	98
249	249	253	98
249	249	252	98
249	249	251	98
249	249	250	98
249	249	249	98
249	249	248	98
249	249	247	97
249	249	246	97
249	249	245	97
249	248	255	98
249	248	254	98
249	248	253	98
249	248	252	98
249	248	251	98
249	248	250	98
249	248	249	98
249	248	248	97
249	248	247	97
249	248	246	97
249	248	245	97
249	247	255	98
249	247	254	98
249	247	253	98
249	247	252	98
249	247	251	98
249	247	250	98
249	247	249	97
249	247	248	97
249	247	247	97
249	247	246	97
249	247	245	97
249	246	255	98
249	246	254	98
249	246	253	98
249	246	252	98
249	246	251	98
249	246	250	97
249	246	249	97
249	246	248	97
249	246	247	97
249	246	246	97
249	246	245	97
249	245	255	98
249	245	254	98
249	245	253	98
249	245	252	98
249	245	251	97
249	245	250	97
249	245	249	97
249	245	248	97
249	245	247	97
249	245	246	97
249	245	245	97
248	255	255	99
248	255	254	99
248	255	253	99
248	255	252	99
248	255	251	99
248	255	250	98
248	255	249	98
248	255	248	98
248	255	247	98
248	255	246	98
248	255	245	98
248	254	255	99
248	254	254	99
248	254	253	99
248	254	252	99
248	254	251	98
248	254	250	98
248	254	249	98
248	254	248	98
248	254	247	98
248	254	246	98
248	254	245	98
248	253	255	99
248	253	254	99
248	253	253	99
248	253	252	98
248	253	251	98
248	253	250	98
248	253	249	98
248	253	248	98
248	253	247	98
248	253	246	98
248	253	245	98
248	252	255	99
248	252	254	99
248	252	253	98
248	252	252	98
248	252	251	98
248	252	250	98
248	252	249	98
248	252	248	98
248	252	247	98
248	252	246	98
248	252	245	97
248	251	255	99
248	251	254	98
248	251	253	98
248	251	252	98
248	251	251	98
248	251	250	98
248	251	249	98
248	251	248	98
248	251	247	98
248	251	246	97
248	251	245	97
248	250	255	98
248	250	254	98
248	250	253	98
248	250	252	98
248	250	251	98
248	250	250	98
248	250	249	98
248	250	248	98
248	250	247	97
248	250	246	97
248	250	245	97
248	249	255	98
248	249	254	98
248	249	253	98
248	249	252	98
248	249	251	98
248	249	250	98
248	249	249	98
248	249	248	97
248	249	247	97
248	249	246	97
248	249	245	97
248	248	255	98
248	248	254	98
248	248	253	98
248	248	252	98
248	248	251	98
248	248	250	98
248	248	249	97
248	248	248	97
248	248	247	97
248	248	246	97
248	248	245	97
248	247	255	98
248	247	254	98
248	247	253	98
248	247	252	98
248	247	251	98
248	247	250	97
248	247	249	97
248	247	248	97
248	247	247	97
248	247	246	97
248	247	245	97
248	246	255	98
248	246	254	98
248	246	253	98
248	246	252	98
248	246	251	97
248	246	250	97
248	246	249	97
248	246	248	97
248	246	247	97
248	246	246	97
248	246	245	97
248	245	255	98
248	245	254	98
248	245	253	98
248	245	252	97
248	245	251	97
248	245	250	97
248	245	249	97
248	245	248	97
248	245	247	97
248	245	246	97
248	245	245	96
247	255	255	99
247	255	254	99
247	255	253	99
247	255	252	99
247	255	251	98
247	255	250	98
247	255	249	98
247	255	248	98
247	255	247	98
247	255	246	98
247	255	245	98
247	254	255	99
247	254	254	99
247	254	253	99
247	254	252	98
247	254	251	98
247	254	250	98
247	254	249	98
247	254	248	98
247	254	247	98
247	254	246	98
247	254	245	98
247	253	255	99
247	253	254	99
247	253	253	98
247	253	252	98
247	253	251	98
247	253	250	98
247	253	249	98
247	253	248	98
247	253	247	98
247	253	246	98
247	253	245	97
247	252	255	99
247	252	254	98
247	252	253	98
247	252	252	98
247	252	251	98
247	252	250	98
247	252	249	98
247	252	248	98
247	252	247	98
247	252	246	97
247	252	245	97
247	251	255	98
247	251	254	98
247	251	253	98
247	251	252	98
247	251	251	98
247	251	250	98
247	251	249	98
247	251	248	98
247	251	247	97
247	251	246	97
247	251	245	97
247	250	255	98
247	250	254	98
247	250	253	98
247	250	252	98
247	250	251	98
247	250	250	98
247	250	249	98
247	250	248	97
247	250	247	97
247	250	246	97
247	250	245	97
247	249	255	98
247	249	254	98
247	249	253	98
247	249	252	98
247	249	251	98
247	249	250	98
247	249	249	97
247	249	248	97
247	249	247	97
247	249	246	97
247	249	245	97
247	248	255	98
247	248	254	98
247	248	253	98
247	248	252	98
247	248	251	98
247	248	250	97
247	248	249	97
247	248	248	97
247	248	247	97
247	248	246	97
247	248	245	97
247	247	255	98
247	247	254	98
247	247	253	98
247	247	252	98
247	247	251	97
247	247	250	97
247	247	249	97
247	247	248	97
247	247	247	97
247	247	246	97
247	247	245	97
247	246	255	98
247	246	254	98
247	246	253	98
247	246	252	97
247	246	251	97
247	246	250	97
247	246	249	97
247	246	248	97
247	246	247	97
247	246	246	97
247	246	245	96
247	245	255	98
247	245	254	98
247	245	253	97
247	245	252	97
247	245	251	97
247	245	250	97
247	245	249	97
247	245	248	97
247	245	247	97
247	245	246	96
247	245	245	96
246	255	255	99
246	255	254	99
246	255	253	99
246	255	252	98
246	255	251	98
246	255	250	98
246	255	249	98
246	255	248	98
246	255	247	98
246	255	246	98
246	255	245	98
246	254	255	99
246	254	254	99
246	254	253	98
246	254	252	98
246	254	251	98
246	254	250	98
246	254	249	98
246	254	248	98
246	254	247	98
246	254	246	98
246	254	245	97
246	253	255	99
246	253	254	98
246	253	253	98
246	253	252	98
246	253	251	98
246	253	250	98
246	253	249	98
246	253	248	98
246	253	247	98
246	253	246	97
246	253	245	97
246	252	255	98
246	252	254	98
246	252	253	98
246	252	252	98
246	252	251	98
246	252	250	98
246	252	249	98
246	252	248	98
246	252	247	97
246	252	246	97
246	252	245	97
246	251	255	98
246	251	254	98
246	251	253	98
246	251	252	98
246	251	251	98
246	251	250	98
246	251	249	98
246	251	248	97
246	251	247	97
246	251	246	97
246	251	245	97
246	250	255	98
246	250	254	98
246	250	253	98
246	250	252	98
246	250	251	98
246	250	250	98
246	250	249	97
246	250	248	97
246	250	247	97
246	250	246	97
246	250	245	97
246	249	255	98
246	249	254	98
246	249	253	98
246	249	252	98
246	249	251	98
246	249	250	97
246	249	249	97
246	249	248	97
246	249	247	97
246	249	246	97
246	249	245	97
246	248	255	98
246	248	254	98
246	248	253	98
246	248	252	98
246	248	251	97
246	248	250	97
246	248	249	97
246	248	248	97
246	248	247	97
246	248	246	97
246	248	245	97
246	247	255	98
246	247	254	98
246	247	253	98
246	247	252	97
246	247	251	97
246	247	250	97
246	247	249	97
246	247	248	97
246	247	247	97
246	247	246	97
246	247	245	96
246	246	255	98
246	246	254	98
246	246	253	97
246	246	252	97
246	246	251	97
246	246	250	97
246	246	249	97
246	246	248	97
246	246	247	97
246	246	246	96
246	246	245	96
246	245	255	98
246	245	254	97
246	245	253	97
246	245	252	97
246	245	251	97
246	245	250	97
246	245	249	97
246	245	248	97
246	245	247	96
246	245	246	96
246	245	245	96
245	255	255	99
245	255	254	99
245	255	253	98
245	255	252	98
245	255	251	98
245	255	250	98
245	255	249	98
245	255	248	98
245	255	247	98
245	255	246	98
245	255	245	97
245	254	255	99
245	254	254	98
245	254	253	98
245	254	252	98
245	254	251	98
245	254	250	98
245	254	249	98
245	254	248	98
245	254	247	98
245	254	246	97
245	254	245	97
245	253	255	98
245	253	254	98
245	253	253	98
245	253	252	98
245	253	251	98
245	253	250	98
245	253	249	98
245	253	248	98
245	253	247	97
245	253	246	97
245	253	245	97
245	252	255	98
245	252	254	98
245	252	253	98
245	252	252	98
245	252	251	98
245	252	250	98
245	252	249	98
245	252	248	97
245	252	247	97
245	252	246	97
245	252	245	97
245	251	255	98
245	251	254	98
245	251	253	98
245	251	252	98
245	251	251	98
245	251	250	98
245	251	249	97
245	251	248	97
245	251	247	97
245	251	246	97
245	251	245	97
245	250	255	98
245	250	254	98
245	250	253	98
245	250	252	98
245	250	251	98
245	250	250	97
245	250	249	97
245	250	248	97
245	250	247	97
245	250	246	97
245	250	245	97
245	249	255	98
245	249	254	98
245	249	253	98
245	249	252	98
245	249	251	97
245	249	250	97
245	249	249	97
245	249	248	97
245	249	247	97
245	249	246	97
245	249	245	97
245	248	255	98
245	248	254	98
245	248	253	98
245	248	252	97
245	248	251	97
245	248	250	97
245	248	249	97
245	248	248	97
245	248	247	97
245	248	246	97
245	248	245	96
245	247	255	98
245	247	254	98
245	247	253	97
245	247	252	97
245	247	251	97
245	247	250	97
245	247	249	97
245	247	248	97
245	247	247	97
245	247	246	96
245	247	245	96
245	246	255	98
245	246	254	97
245	246	253	97
245	246	252	97
245	246	251	97
245	246	250	97
245	246	249	97
245	246	248	97
245	246	247	96
245	246	246	96
245	246	245	96
245	245	255	97
245	245	254	97
245	245	253	97
245	245	252	97
245	245	251	97
245	245	250	97
245	245	249	97
245	245	248	96
245	245	247	96
245	245	246	96
245	245	245	96
0	0	0	100
0	0	1	100
0	0	2	100
0	0	3	100
0	0	4	99
0	0	5	99
0	0	6	99
0	0	7	99
0	0	8	99
0	0	9	99
0	0	10	99
0	1	0	100
0	1	1	100
0	1	2	100
0	1	3	99
0	1	4	99
0	1	5	99
0	1	6	99
0	1	7	99
0	1	8	99
0	1	9	99
0	1	10	99
0	2	0	100
0	2	1	100
0	2	2	99
0	2	3	99
0	2	4	99
0	2	5	99
0	2	6	99
0	2	7	99
0	2	8	99
0	2	9	99
0	2	10	98
0	3	0	100
0	3	1	99
0	3	2	99
0	3	3	99
0	3	4	99
0	3	5	99
0	3	6	99
0	3	7	99
0	3	8	99
0	3	9	98
0	3	10	98
0	4	0	99
0	4	1	99
0	4	2	99
0	4	3	99
0	4	4	99
0	4	5	99
0	4	6	99
0	4	7	99
0	4	8	98
0	4	9	98
0	4	10	98
0	5	0	99
0	5	1	99
0	5	2	99
0	5	3	99
0	5	4	99
0	5	5	99
0	5	6	99
0	5	7	98
0	5	8	98
0	5	9	98
0	5	10	98
0	6	0	99
0	6	1	99
0	6	2	99
0	6	3	99
0	6	4	99
0	6	5	99
0	6	6	98
0	6	7	98
0	6	8	98
0	6	9	98
0	6	10	98
0	7	0	99
0	7	1	99
0	7	2	99
0	7	3	99
0	7	4	99
0	7	5	98
0	7	6	98
0	7	7	98
0	7	8	98
0	7	9	98
0	7	10	98
0	8	0	99
0	8	1	99
0	8	2	99
0	8	3	99
0	8	4	98
0	8	5	98
0	8	6	98
0	8	7	98
0	8	8	98
0	8	9	98
0	8	10	98
0	9	0	99
0	9	1	99
0	9	2	99
0	9	3	98
0	9	4	98
0	9	5	98
0	9	6	98
0	9	7	98
0	9	8	98
0	9	9	98
0	9	10	98
0	10	0	99
0	10	1	99
0	10	2	98
0	10	3	98
0	10	4	98
0	10	5	98
0	10	6	98
0	10	7	98
0	10	8	98
0	10	9	98
0	10	10	97
1	0	0	100
1	0	1	100
1	0	2	100
1	0	3	99
1	0	4	99
1	0	5	99
1	0	6	99
1	0	7	99
1	0	8	99
1	0	9	99
1	0	10	99
1	1	0	100
1	1	1	100
1	1	2	99
1	1	3	99
1	1	4	99
1	1	5	99
1	1	6	99
1	1	7	99
1	1	8	99
1	1	9	99
1	1	10	98
1	2	0	100
1	2	1	99
1	2	2	99
1	2	3	99
1	2	4	99
1	2	5	99
1	2	6	99
1	2	7	99
1	2	8	99
1	2	9	98
1	2	10	98
1	3	0	99
1	3	1	99
1	3	2	99
1	3	3	99
1	3	4	99
1	3	5	99
1	3	6	99
1	3	7	99
1	3	8	98
1	3	9	98
1	3	10	98
1	4	0	99
1	4	1	99
1	4	2	99
1	4	3	99
1	4	4	99
1	4	5	99
1	4	6	99
1	4	7	98
1	4	8	98
1	4	9	98
1	4	10	98
1	5	0	99
1	5	1	99
1	5	2	99
1	5	3	99
1	5	4	99
1	5	5	99
1	5	6	98
1	5	7	98
1	5	8	98
1	5	9	98
1	5	10	98
1	6	0	99
1	6	1	99
1	6	2	99
1	6	3	99
1	6	4	99
1	6	5	98
1	6	6	98
1	6	7	98
1	6	8	98
1	6	9	98
1	6	10	98
1	7	0	99
1	7	1	99
1	7	2	99
1	7	3	99
1	7	4	98
1	7	5	98
1	7	6	98
1	7	7	98
1	7	8	98
1	7	9	98
1	7	10	98
1	8	0	99
1	8	1	99
1	8	2	99
1	8	3	98
1	8	4	98
1	8	5	98
1	8	6	98
1	8	7	98
1	8	8	98
1	8	9	98
1	8	10	98
1	9	0	99
1	9	1	99
1	9	2	98
1	9	3	98
1	9	4	98
1	9	5	98
1	9	6	98
1	9	7	98
1	9	8	98
1	9	9	98
1	9	10	97
1	10	0	99
1	10	1	98
1	10	2	98
1	10	3	98
1	10	4	98
1	10	5	98
1	10	6	98
1	10	7	98
1	10	8	98
1	10	9	97
1	10	10	97
2	0	0	100
2	0	1	100
2	0	2	99
2	0	3	99
2	0	4	99
2	0	5	99
2	0	6	99
2	0	7	99
2	0	8	99
2	0	9	99
2	0	10	98
2	1	0	100
2	1	1	99
2	1	2	99
2	1	3	99
2	1	4	99
2	1	5	99
2	1	6	99
2	1	7	99
2	1	8	99
2	1	9	98
2	1	10	98
2	2	0	99
2	2	1	99
2	2	2	99
2	2	3	99
2	2	4	99
2	2	5	99
2	2	6	99
2	2	7	99
2	2	8	98
2	2	9	98
2	2	10	98
2	3	0	99
2	3	1	99
2	3	2	99
2	3	3	99
2	3	4	99
2	3	5	99
2	3	6	99
2	3	7	98
2	3	8	98
2	3	9	98
2	3	10	98
2	4	0	99
2	4	1	99
2	4	2	99
2	4	3	99
2	4	4	99
2	4	5	99
2	4	6	98
2	4	7	98
2	4	8	98
2	4	9	98
2	4	10	98
2	5	0	99
2	5	1	99
2	5	2	99
2	5	3	99
2	5	4	99
2	5	5	98
2	5	6	98
2	5	7	98
2	5	8	98
2	5	9	98
2	5	10	98
2	6	0	99
2	6	1	99
2	6	2	99
2	6	3	99
2	6	4	98
2	6	5	98
2	6	6	98
2	6	7	98
2	6	8	98
2	6	9	98
2	6	10	98
2	7	0	99
2	7	1	99
2	7	2	99
2	7	3	98
2	7	4	98
2	7	5	98
2	7	6	98
2	7	7	98
2	7	8	98
2	7	9	98
2	7	10	98
2	8	0	99
2	8	1	99
2	8	2	98
2	8	3	98
2	8	4	98
2	8	5	98
2	8	6	98
2	8	7	98
2	8	8	98
2	8	9	98
2	8	10	97
2	9	0	99
2	9	1	98
2	9	2	98
2	9	3	98
2	9	4	98
2	9	5	98
2	9	6	98
2	9	7	98
2	9	8	98
2	9	9	97
2	9	10	97
2	10	0	98
2	10	1	98
2	10	2	98
2	10	3	98
2	10	4	98
2	10	5	98
2	10	6	98
2	10	7	98
2	10	8	97
2	10	9	97
2	10	10	97
3	0	0	100
3	0	1	99
3	0	2	99
3	0	3	99
3	0	4	99
3	0	5	99
3	0	6	99
3	0	7	99
3	0	8	99
3	0	9	98
3	0	10	98
3	1	0	99
3	1	1	99
3	1	2	99
3	1	3	99
3	1	4	99
3	1	5	99
3	1	6	99
3	1	7	99
3	1	8	98
3	1	9	98
3	1	10	98
3	2	0	99
3	2	1	99
3	2	2	99
3	2	3	99
3	2	4	99
3	2	5	99
3	2	6	99
3	2	7	98
3	2	8	98
3	2	9	98
3	2	10	98
3	3	0	99
3	3	1	99
3	3	2	99
3	3	3	99
3	3	4	99
3	3	5	99
3	3	6	98
3	3	7	98
3	3	8	98
3	3	9	98
3	3	10	98
3	4	0	99
3	4	1	99
3	4	2	99
3	4	3	99
3	4	4	99
3	4	5	98
3	4	6	98
3	4	7	98
3	4	8	98
3	4	9	98
3	4	10	98
3	5	0	99
3	5	1	99
3	5	2	99
3	5	3	99
3	5	4	98
3	5	5	98
3	5	6	98
3	5	7	98
3	5	8	98
3	5	9	98
3	5	10	98
3	6	0	99
3	6	1	99
3	6	2	99
3	6	3	98
3	6	4	98
3	6	5	98
3	6	6	98
3	6	7	98
3	6	8	98
3	6	9	98
3	6	10	98
3	7	0	99
3	7	1	99
3	7	2	98
3	7	3	98
3	7	4	98
3	7	5	98
3	7	6	98
3	7	7	98
3	7	8	98
3	7	9	98
3	7	10	97
3	8	0	99
3	8	1	98
3	8	2	98
3	8	3	98
3	8	4	98
3	8	5	98
3	8	6	98
3	8	7	98
3	8	8	98
3	8	9	97
3	8	10	97
3	9	0	98
3	9	1	98
3	9	2	98
3	9	3	98
3	9	4	98
3	9	5	98
3	9	6	98
3	9	7	98
3	9	8	97
3	9	9	97
3	9	10	97
3	10	0	98
3	10	1	98
3	10	2	98
3	10	3	98
3	10	4	98
3	10	5	98
3	10	6	98
3	10	7	97
3	10	8	97
3	10	9	97
3	10	10	97
4	0	0	99
4	0	1	99
4	0	2	99
4	0	3	99
4	0	4	99
4	0	5	99
4	0	6	99
4	0	7	99
4	0	8	98
4	0	9	98
4	0	10	98
4	1	0	99
4	1	1	99
4	1	2	99
4	1	3	99
4	1	4	99
4	1	5	99
4	1	6	99
4	1	7	98
4	1	8	98
4	1	9	98
4	1	10	98
4	2	0	99
4	2	1	99
4	2	2	99
4	2	3	99
4	2	4	99
4	2	5	99
4	2	6	98
4	2	7	98
4	2	8	98
4	2	9	98
4	2	10	98
4	3	0	99
4	3	1	99
4	3	2	99
4	3	3	99
4	3	4	99
4	3	5	98
4	3	6	98
4	3	7	98
4	3	8	98
4	3	9	98
4	3	10	98
4	4	0	99
4	4	1	99
4	4	2	99
4	4	3	99
4	4	4	98
4	4	5	98
4	4	6	98
4	4	7	98
4	4	8	98
4	4	9	98
4	4	10	98
4	5	0	99
4	5	1	99
4	5	2	99
4	5	3	98
4	5	4	98
4	5	5	98
4	5	6	98
4	5	7	98
4	5	8	98
4	5	9	98
4	5	10	98
4	6	0	99
4	6	1	99
4	6	2	98
4	6	3	98
4	6	4	98
4	6	5	98
4	6	6	98
4	6	7	98
4	6	8	98
4	6	9	98
4	6	10	97
4	7	0	99
4	7	1	98
4	7	2	98
4	7	3	98
4	7	4	98
4	7	5	98
4	7	6	98
4	7	7	98
4	7	8	98
4	7	9	97
4	7	10	97
4	8	0	98
4	8	1	98
4	8	2	98
4	8	3	98
4	8	4	98
4	8	5	98
4	8	6	98
4	8	7	98
4	8	8	97
4	8	9	97
4	8	10	97
4	9	0	98
4	9	1	98
4	9	2	98
4	9	3	98
4	9	4	98
4	9	5	98
4	9	6	98
4	9	7	97
4	9	8	97
4	9	9	97
4	9	10	97
4	10	0	98
4	10	1	98
4	10	2	98
4	10	3	98
4	10	4	98
4	10	5	98
4	10	6	97
4	10	7	97
4	10	8	97
4	10	9	97
4	10	10	97
5	0	0	99
5	0	1	99
5	0	2	99
5	0	3	99
5	0	4	99
5	0	5	99
5	0	6	99
5	0	7	98
5	0	8	98
5	0	9	98
5	0	10	98
5	1	0	99
5	1	1	99
5	1	2	99
5	1	3	99
5	1	4	99
5	1	5	99
5	1	6	98
5	1	7	98
5	1	8	98
5	1	9	98
5	1	10	98
5	2	0	99
5	2	1	99
5	2	2	99
5	2	3	99
5	2	4	99
5	2	5	98
5	2	6	98
5	2	7	98
5	2	8	98
5	2	9	98
5	2	10	98
5	3	0	99
5	3	1	99
5	3	2	99
5	3	3	99
5	3	4	98
5	3	5	98
5	3	6	98
5	3	7	98
5	3	8	98
5	3	9	98
5	3	10	98
5	4	0	99
5	4	1	99
5	4	2	99
5	4	3	98
5	4	4	98
5	4	5	98
5	4	6	98
5	4	7	98
5	4	8	98
5	4	9	98
5	4	10	98
5	5	0	99
5	5	1	99
5	5	2	98
5	5	3	98
5	5	4	98
5	5	5	98
5	5	6	98
5	5	7	98
5	5	8	98
5	5	9	98
5	5	10	97
5	6	0	99
5	6	1	98
5	6	2	98
5	6	3	98
5	6	4	98
5	6	5	98
5	6	6	98
5	6	7	98
5	6	8	98
5	6	9	97
5	6	10	97
5	7	0	98
5	7	1	98
5	7	2	98
5	7	3	98
5	7	4	98
5	7	5	98
5	7	6	98
5	7	7	98
5	7	8	97
5	7	9	97
5	7	10	97
5	8	0	98
5	8	1	98
5	8	2	98
5	8	3	98
5	8	4	98
5	8	5	98
5	8	6	98
5	8	7	97
5	8	8	97
5	8	9	97
5	8	10	97
5	9	0	98
5	9	1	98
5	9	2	98
5	9	3	98
5	9	4	98
5	9	5	98
5	9	6	97
5	9	7	97
5	9	8	97
5	9	9	97
5	9	10	97
5	10	0	98
5	10	1	98
5	10	2	98
5	10	3	98
5	10	4	98
5	10	5	97
5	10	6	97
5	10	7	97
5	10	8	97
5	10	9	97
5	10	10	97
6	0	0	99
6	0	1	99
6	0	2	99
6	0	3	99
6	0	4	99
6	0	5	99
6	0	6	98
6	0	7	98
6	0	8	98
6	0	9	98
6	0	10	98
6	1	0	99
6	1	1	99
6	1	2	99
6	1	3	99
6	1	4	99
6	1	5	98
6	1	6	98
6	1	7	98
6	1	8	98
6	1	9	98
6	1	10	98
6	2	0	99
6	2	1	99
6	2	2	99
6	2	3	99
6	2	4	98
6	2	5	98
6	2	6	98
6	2	7	98
6	2	8	98
6	2	9	98
6	2	10	98
6	3	0	99
6	3	1	99
6	3	2	99
6	3	3	98
6	3	4	98
6	3	5	98
6	3	6	98
6	3	7	98
6	3	8	98
6	3	9	98
6	3	10	98
6	4	0	99
6	4	1	99
6	4	2	98
6	4	3	98
6	4	4	98
6	4	5	98
6	4	6	98
6	4	7	98
6	4	8	98
6	4	9	98
6	4	10	97
6	5	0	99
6	5	1	98
6	5	2	98
6	5	3	98
6	5	4	98
6	5	5	98
6	5	6	98
6	5	7	98
6	5	8	98
6	5	9	97
6	5	10	97
6	6	0	98
6	6	1	98
6	6	2	98
6	6	3	98
6	6	4	98
6	6	5	98
6	6	6	98
6	6	7	98
6	6	8	97
6	6	9	97
6	6	10	97
6	7	0	98
6	7	1	98
6	7	2	98
6	7	3	98
6	7	4	98
6	7	5	98
6	7	6	98
6	7	7	97
6	7	8	97
6	7	9	97
6	7	10	97
6	8	0	98
6	8	1	98
6	8	2	98
6	8	3	98
6	8	4	98
6	8	5	98
6	8	6	97
6	8	7	97
6	8	8	97
6	8	9	97
6	8	10	97
6	9	0	98
6	9	1	98
6	9	2	98
6	9	3	98
6	9	4	98
6	9	5	97
6	9	6	97
6	9	7	97
6	9	8	97
6	9	9	97
6	9	10	97
6	10	0	98
6	10	1	98
6	10	2	98
6	10	3	98
6	10	4	97
6	10	5	97
6	10	6	97
6	10	7	97
6	10	8	97
6	10	9	97
6	10	10	97
7	0	0	99
7	0	1	99
7	0	2	99
7	0	3	99
7	0	4	99
7	0	5	98
7	0	6	98
7	0	7	98
7	0	8	98
7	0	9	98
7	0	10	98
7	1	0	99
7	1	1	99
7	1	2	99
7	1	3	99
7	1	4	98
7	1	5	98
7	1	6	98
7	1	7	98
7	1	8	98
7	1	9	98
7	1	10	98
7	2	0	99
7	2	1	99
7	2	2	99
7	2	3	98
7	2	4	98
7	2	5	98
7	2	6	98
7	2	7	98
7	2	8	98
7	2	9	98
7	2	10	98
7	3	0	99
7	3	1	99
7	3	2	98
7	3	3	98
7	3	4	98
7	3	5	98
7	3	6	98
7	3	7	98
7	3	8	98
7	3	9	98
7	3	10	97
7	4	0	99
7	4	1	98
7	4	2	98
7	4	3	98
7	4	4	98
7	4	5	98
7	4	6	98
7	4	7	98
7	4	8	98
7	4	9	97
7	4	10	97
7	5	0	98
7	5	1	98
7	5	2	98
7	5	3	98
7	5	4	98
7	5	5	98
7	5	6	98
7	5	7	98
7	5	8	97
7	5	9	97
7	5	10	97
7	6	0	98
7	6	1	98
7	6	2	98
7	6	3	98
7	6	4	98
7	6	5	98
7	6	6	98
7	6	7	97
7	6	8	97
7	6	9	97
7	6	10	97
7	7	0	98
7	7	1	98
7	7	2	98
7	7	3	98
7	7	4	98
7	7	5	98
7	7	6	97
7	7	7	97
7	7	8	97
7	7	9	97
7	7	10	97
7	8	0	98
7	8	1	98
7	8	2	98
7	8	3	98
7	8	4	98
7	8	5	97
7	8	6	97
7	8	7	97
7	8	8	97
7	8	9	97
7	8	10	97
7	9	0	98
7	9	1	98
7	9	2	98
7	9	3	98
7	9	4	97
7	9	5	97
7	9	6	97
7	9	7	97
7	9	8	97
7	9	9	97
7	9	10	97
7	10	0	98
7	10	1	98
7	10	2	98
7	10	3	97
7	10	4	97
7	10	5	97
7	10	6	97
7	10	7	97
7	10	8	97
7	10	9	97
7	10	10	96
8	0	0	99
8	0	1	99
8	0	2	99
8	0	3	99
8	0	4	98
8	0	5	98
8	0	6	98
8	0	7	98
8	0	8	98
8	0	9	98
8	0	10	98
8	1	0	99
8	1	1	99
8	1	2	99
8	1	3	98
8	1	4	98
8	1	5	98
8	1	6	98
8	1	7	98
8	1	8	98
8	1	9	98
8	1	10	98
8	2	0	99
8	2	1	99
8	2	2	98
8	2	3	98
8	2	4	98
8	2	5	98
8	2	6	98
8	2	7	98
8	2	8	98
8	2	9	98
8	2	10	97
8	3	0	99
8	3	1	98
8	3	2	98
8	3	3	98
8	3	4	98
8	3	5	98
8	3	6	98
8	3	7	98
8	3	8	98
8	3	9	97
8	3	10	97
8	4	0	98
8	4	1	98
8	4	2	98
8	4	3	98
8	4	4	98
8	4	5	98
8	4	6	98
8	4	7	98
8	4	8	97
8	4	9	97
8	4	10	97
8	5	0	98
8	5	1	98
8	5	2	98
8	5	3	98
8	5	4	98
8	5	5	98
8	5	6	98
8	5	7	97
8	5	8	97
8	5	9	97
8	5	10	97
8	6	0	98
8	6	1	98
8	6	2	98
8	6	3	98
8	6	4	98
8	6	5	98
8	6	6	97
8	6	7	97
8	6	8	97
8	6	9	97
8	6	10	97
8	7	0	98
8	7	1	98
8	7	2	98
8	7	3	98
8	7	4	98
8	7	5	97
8	7	6	97
8	7	7	97
8	7	8	97
8	7	9	97
8	7	10	97
8	8	0	98
8	8	1	98
8	8	2	98
8	8	3	98
8	8	4	97
8	8	5	97
8	8	6	97
8	8	7	97
8	8	8	97
8	8	9	97
8	8	10	97
8	9	0	98
8	9	1	98
8	9	2	98
8	9	3	97
8	9	4	97
8	9	5	97
8	9	6	97
8	9	7	97
8	9	8	97
8	9	9	97
8	9	10	96
8	10	0	98
8	10	1	98
8	10	2	97
8	10	3	97
8	10	4	97
8	10	5	97
8	10	6	97
8	10	7	97
8	10	8	97
8	10	9	96
8	10	10	96
9	0	0	99
9	0	1	99
9	0	2	99
9	0	3	98
9	0	4	98
9	0	5	98
9	0	6	98
9	0	7	98
9	0	8	98
9	0	9	98
9	0	10	98
9	1	0	99
9	1	1	99
9	1	2	98
9	1	3	98
9	1	4	98
9	1	5	98
9	1	6	98
9	1	7	98
9	1	8	98
9	1	9	98
9	1	10	97
9	2	0	99
9	2	1	98
9	2	2	98
9	2	3	98
9	2	4	98
9	2	5	98
9	2	6	98
9	2	7	98
9	2	8	98
9	2	9	97
9	2	10	97
9	3	0	98
9	3	1	98
9	3	2	98
9	3	3	98
9	3	4	98
9	3	5	98
9	3	6	98
9	3	7	98
9	3	8	97
9	3	9	97
9	3	10	97
9	4	0	98
9	4	1	98
9	4	2	98
9	4	3	98
9	4	4	98
9	4	5	98
9	4	6	98
9	4	7	97
9	4	8	97
9	4	9	97
9	4	10	97
9	5	0	98
9	5	1	98
9	5	2	98
9	5	3	98
9	5	4	98
9	5	5	98
9	5	6	97
9	5	7	97
9	5	8	97
9	5	9	97
9	5	10	97
9	6	0	98
9	6	1	98
9	6	2	98
9	6	3	98
9	6	4	98
9	6	5	97
9	6	6	97
9	6	7	97
9	6	8	97
9	6	9	97
9	6	10	97
9	7	0	98
9	7	1	98
9	7	2	98
9	7	3	98
9	7	4	97
9	7	5	97
9	7	6	97
9	7	7	97
9	7	8	97
9	7	9	97
9	7	10	97
9	8	0	98
9	8	1	98
9	8	2	98
9	8	3	97
9	8	4	97
9	8	5	97
9	8	6	97
9	8	7	97
9	8	8	97
9	8	9	97
9	8	10	96
9	9	0	98
9	9	1	98
9	9	2	97
9	9	3	97
9	9	4	97
9	9	5	97
9	9	6	97
9	9	7	97
9	9	8	97
9	9	9	96
9	9	10	96
9	10	0	98
9	10	1	97
9	10	2	97
9	10	3	97
9	10	4	97
9	10	5	97
9	10	6	97
9	10	7	97
9	10	8	96
9	10	9	96
9	10	10	96
10	0	0	99
10	0	1	99
10	0	2	98
10	0	3	98
10	0	4	98
10	0	5	98
10	0	6	98
10	0	7	98
10	0	8	98
10	0	9	98
10	0	10	97
10	1	0	99
10	1	1	98
10	1	2	98
10	1	3	98
10	1	4	98
10	1	5	98
10	1	6	98
10	1	7	98
10	1	8	98
10	1	9	97
10	1	10	97
10	2	0	98
10	2	1	98
10	2	2	98
10	2	3	98
10	2	4	98
10	2	5	98
10	2	6	98
10	2	7	98
10	2	8	97
10	2	9	97
10	2	10	97
10	3	0	98
10	3	1	98
10	3	2	98
10	3	3	98
10	3	4	98
10	3	5	98
10	3	6	98
10	3	7	97
10	3	8	97
10	3	9	97
10	3	10	97
10	4	0	98
10	4	1	98
10	4	2	98
10	4	3	98
10	4	4	98
10	4	5	98
10	4	6	97
10	4	7	97
10	4	8	97
10	4	9	97
10	4	10	97
10	5	0	98
10	5	1	98
10	5	2	98
10	5	3	98
10	5	4	98
10	5	5	97
10	5	6	97
10	5	7	97
10	5	8	97
10	5	9	97
10	5	10	97
10	6	0	98
10	6	1	98
10	6	2	98
10	6	3	98
10	6	4	97
10	6	5	97
10	6	6	97
10	6	7	97
10	6	8	97
10	6	9	97
10	6	10	97
10	7	0	98
10	7	1	98
10	7	2	98
10	7	3	97
10	7	4	97
10	7	5	97
10	7	6	97
10	7	7	97
10	7	8	97
10	7	9	97
10	7	10	96
10	8	0	98
10	8	1	98
10	8	2	97
10	8	3	97
10	8	4	97
10	8	5	97
10	8	6	97
10	8	7	97
10	8	8	97
10	8	9	96
10	8	10	96
10	9	0	98
10	9	1	97
10	9	2	97
10	9	3	97
10	9	4	97
10	9	5	97
10	9	6	97
10	9	7	97
10	9	8	96
10	9	9	96
10	9	10	96
10	10	0	97
10	10	1	97
10	10	2	97
10	10	3	97
10	10	4	97
10	10	5	97
10	10	6	97
10	10	7	96
10	10	8	96
10	10	9	96
10	10	10	96


